8.83
8.96
9.06
9.32
9.39
9.59
9.77
10.16
10.06
10.21
10.39
10.43
10.59
10.86
10.46
10.41
10.70
10.92
10.93
10.49
11.13
10.73
11.00
11.55
11.60
11.68
11.65
12.05
12.08
12.42
12.13
11.75
11.45
11.76
12.21
12.50
13.03
13.44
13.19
13.50
13.92
14.10
14.11
14.31
14.28
13.40
13.89
14.50
14.83
14.51
15.27
15.75
15.88
16.14
16.38
17.27
18.00
18.54
19.05
19.08
19.79
20.15
20.72
21.35
21.93
22.44
22.98
23.50
24.46
25.72
27.28
27.52
28.53
29.47
29.16
29.31
30.43
31.16
31.68
32.45
32.32
31.46
31.97
32.15
32.61
33.46
34.19
35.62
36.13
36.84
37.64
38.13
38.98
38.79
39.29
39.76
40.46
43.44
40.45
40.41
40.79
41.06
42.11
43.28
45.25
46.33
48.33
48.51
49.00
49.20
51.20
52.50
53.22
53.32
53.80
54.04
54.81
55.89
56.99
58.11